36	0	38
161	310532096	310532716
264	672440320	671391340
376	774180864	765792876
494	778375168	768938604
606	793055232	783618668
717	793055232	783618668
831	793055232	783618668
936	793055232	783618668
1048	793055232	783618668
1162	793055232	783618668
1271	793055232	783618668
1378	793055232	783618668
1484	793055232	783618668
1594	793055232	783618668
1710	793055232	783618668
1819	793055232	783618668
1926	793055232	783618668
2031	793055232	783618668
2136	838144000	828707436
2254	950341632	947196524
2362	1145376768	1140134508
2474	1388646400	1379209836
2584	1434783744	1425347180
2704	1492455424	1483018860
2822	1610944512	1610945132
2935	1610944512	1610945132
3043	1610944512	1610945132
3164	1610944512	1610949766
3270	1610944512	1610962116
